198804420041848
2009044204074
19880442004725
2003044504572
2006035525033
2014061602270
20090442040207
20090442040120
20090442040119
20090442040121
2009044204031
2003044504568
198804420041868
2021_DNSP_03179
20090442040155
2021_DNSP_03262
19880442004702
19880442004703
2009047601189
20090476011155
20090476011154
20090476011153
20090476011152
20090476011151
20090476011102
20090476011101
20090476011214
20090476011213
20090476011130
2009047601170
20090476011209
20090476011135
2009047601180
2024_RD_11071
20090476011224
20090476011161
20090442040149
20090442040137
20090442040150
20090442040159
20090442040153
20090442040151
20090442040148
198804420041043
19880442004766
20090476011187
198804420041858
20090476011196
20090476011197
20090476011204
20090476011150
20090476011149
2024_RD_11110
20090476011175
20090476011174
20090476011176
